NbrObjets NbrRessource
200 7
les valeurs des objets 
50
88
66
31
64
42
82
100
69
100
88
89
88
60
98
81
75
72
85
64
74
89
32
69
87
60
90
106
80
87
52
76
88
53
91
77
98
89
98
73
56
91
88
43
87
114
54
32
77
98
108
75
66
65
79
86
119
54
67
58
43
67
73
87
88
92
63
97
109
71
58
97
72
65
59
91
90
63
46
81
95
40
88
59
95
70
83
61
47
93
70
100
103
66
66
40
95
54
72
80
68
104
82
92
77
80
90
70
65
64
61
101
76
72
61
62
29
74
66
70
70
72
104
58
58
61
73
103
43
68
90
80
89
89
67
67
55
71
40
93
53
56
83
48
51
92
57
53
89
82
41
64
108
48
69
46
69
98
54
64
87
68
59
40
72
60
50
69
53
51
65
105
51
70
69
64
70
85
82
81
59
55
73
43
57
72
72
96
77
102
39
44
109
59
84
76
113
59
93
63
les quatités des resources consommées pour chaque objet (ligne) 
81 17 18 77 9 79 57
34 61 20 95 95 92 60
8 49 15 83 62 91 74
5 27 49 4 55 53 6
90 79 56 10 10 28 84
36 8 44 37 35 26 19
32 72 25 39 48 10 46
42 93 72 81 30 54 50
56 13 5 16 37 51 38
65 88 47 54 48 37 89
8 23 71 83 29 66 60
34 66 67 17 55 3 96
58 63 81 22 22 4 90
35 44 74 59 62 91 42
5 93 73 8 82 67 52
52 24 82 70 83 22 25
92 64 96 85 56 67 57
33 90 49 84 92 1 19
25 62 12 61 30 89 1
12 91 70 98 22 20 97
19 13 67 98 95 56 49
37 68 74 92 19 67 96
5 40 45 22 10 64 33
64 5 74 64 97 59 83
92 36 65 80 34 21 46
13 75 24 61 15 8 72
94 19 93 81 75 76 4
80 64 34 90 82 84 40
85 62 1 82 2 17 18
94 77 9 34 41 71 88
33 30 69 79 65 3 38
32 11 99 70 86 55 86
36 46 75 52 8 89 43
1 10 87 97 68 69 15
75 77 58 53 16 60 13
25 84 51 90 17 47 97
91 80 98 94 96 36 48
86 91 78 55 15 40 47
96 91 95 9 96 33 13
33 92 28 23 39 53 61
13 48 7 88 70 20 13
30 16 66 24 82 57 68
38 87 93 26 52 88 42
67 24 61 4 9 26 4
31 25 43 66 33 59 92
79 56 79 81 67 89 93
24 43 85 52 59 36 2
7 49 21 47 58 9 30
13 33 93 58 15 2 52
95 17 47 95 9 61 90
30 86 79 66 40 52 74
23 19 60 83 38 45 19
27 75 68 35 95 35 61
90 7 57 43 88 6 16
58 43 17 72 29 64 64
58 98 35 95 42 69 41
97 77 69 33 92 56 83
25 58 76 34 94 32 7
4 15 26 95 28 46 41
12 8 77 96 1 66 80
65 7 45 12 37 82 52
60 22 47 71 87 30 66
92 18 91 28 44 46 22
36 7 22 85 79 86 95
78 54 68 88 87 94 80
62 23 35 7 99 69 75
41 51 4 82 74 53 78
84 93 75 30 61 67 23
27 88 93 34 61 78 39
38 69 65 21 11 16 52
32 40 44 29 82 14 85
76 49 4 93 19 50 61
1 62 79 11 76 41 21
12 6 44 5 87 58 9
41 9 98 21 23 94 90
4 68 57 13 74 45 79
9 70 20 49 36 42 90
19 81 17 77 69 80 38
41 34 53 10 52 40 72
72 66 8 9 84 9 88
27 56 96 18 38 59 33
19 8 3 42 77 14 44
30 39 71 41 91 69 37
97 14 77 70 34 82 7
92 50 50 14 83 21 80
2 54 91 44 38 31 29
22 85 78 46 37 48 75
20 29 21 25 82 63 65
2 91 49 28 63 31 39
58 89 39 38 77 92 30
84 19 48 49 4 60 73
75 92 93 55 99 56 99
88 55 42 47 81 2 95
46 69 88 48 9 37 80
98 54 41 64 15 17 33
18 5 52 71 37 84 10
90 2 49 23 51 83 85
24 57 4 34 72 26 36
13 67 56 46 15 35 23
22 99 29 77 49 25 54
59 85 58 8 88 57 75
69 59 41 58 14 98 69
68 15 58 70 28 63 87
78 77 2 51 55 8 33
4 42 75 86 68 29 49
91 42 77 56 94 65 59
31 36 9 35 66 84 33
97 4 29 12 56 24 60
26 42 55 71 24 82 25
65 4 78 86 86 32 60
18 78 21 19 98 98 33
10 78 89 65 99 38 99
81 17 30 53 11 87 98
12 69 69 63 6 47 10
43 17 93 78 4 41 62
10 36 62 45 93 60 40
5 11 5 69 2 8 3
79 73 7 30 29 70 14
69 23 22 83 45 22 64
54 3 44 75 26 53 54
30 42 59 94 42 40 65
15 62 98 30 34 33 99
22 99 76 71 38 57 82
47 64 16 98 64 27 5
20 55 99 86 11 20 21
58 86 68 82 23 34 7
4 5 53 26 76 82 15
60 76 47 77 25 66 72
58 72 11 79 33 13 29
78 48 14 52 88 99 60
58 93 95 59 73 79 50
40 27 26 35 72 43 4
15 81 25 51 23 27 89
76 51 47 29 69 63 84
17 34 20 32 71 13 14
23 74 39 6 86 93 30
45 23 37 8 74 9 90
5 5 83 22 32 21 67
43 65 19 38 23 71 21
67 46 29 48 88 83 4
21 12 83 47 26 77 86
44 89 28 66 30 91 47
7 61 63 22 74 92 13
2 35 40 29 80 42 43
1 1 1 20 37 21 52
79 12 93 33 44 54 72
98 28 42 27 21 82 9
98 11 45 90 37 57 28
47 7 65 29 90 27 64
10 97 42 63 98 79 30
63 64 30 53 1 17 1
92 72 22 27 76 62 29
84 91 86 38 89 44 84
63 56 17 23 41 45 30
81 97 28 72 28 74 2
7 47 37 19 6 37 10
69 21 79 8 93 92 58
80 58 89 45 99 77 78
42 3 46 78 34 56 93
89 56 31 43 8 66 66
46 69 53 21 66 23 26
39 9 92 70 85 57 31
69 89 76 3 91 31 14
27 69 18 37 61 16 12
91 63 99 30 25 58 80
77 57 40 26 63 24 24
25 3 73 18 89 63 36
55 40 93 96 6 88 29
96 78 78 22 58 2 5
9 57 26 34 91 88 50
45 84 13 58 42 94 24
28 84 74 84 64 84 14
29 17 29 84 45 3 74
98 62 9 33 37 2 23
89 91 51 21 75 70 80
55 50 94 73 27 20 48
43 37 6 74 59 66 58
10 88 59 80 86 91 91
62 8 94 72 33 93 14
36 27 30 95 8 2 97
15 83 89 1 96 48 8
34 9 11 87 12 1 17
58 68 12 19 25 75 92
24 47 39 33 36 62 36
91 79 65 3 2 90 30
99 71 39 25 82 26 46
11 66 37 39 90 78 54
91 40 77 49 10 74 87
72 2 95 32 36 14 61
39 97 19 54 36 67 67
1 4 23 69 25 96 19
26 26 11 62 14 80 5
83 68 52 80 31 15 99
5 70 1 92 59 99 5
72 79 48 7 52 18 47
83 82 7 11 4 99 53
93 93 71 68 15 87 67
4 27 64 55 95 27 53
21 85 89 34 32 97 73
21 76 97 48 9 89 92
 les capacités des ressources 
4665
5062
5180
5062
5077
5177
4968
